  0.41487440    
  0.77367371    
  0.84891176    
  5.08810813E-03
  0.71228546    
  0.45206037    
  0.12622243    
  0.41005129    
  1.01762163E-02
  0.13918990    
  0.48924634    
  0.95511150    
  0.97119093    
  1.52643248E-02
  0.84111655    
  0.52643234    
  0.78400052    
  0.83188707    
  2.03524325E-02
  0.10396539    
  0.56361830    
  0.61288953    
  0.99817312    
  2.54405420E-02
  0.36681432    
  0.36265135    
  0.44177854    
  0.16445912    
  3.05286497E-02
  0.62966323    
  0.42980900    
  0.27066755    
  0.33074519    
  0.70009249    
  0.89251214    
  0.49696666    
  0.98006427    
  0.49703127    
  0.94296288    
  0.15536100    
  0.56412429    
  0.89849377    
  0.66331732    
  0.18583316    
  0.87053394    
  0.63128197    
  0.81692326    
  0.57339132    
  0.42870352    
  9.55918804E-02
  0.69843960    
  0.73535275    
  0.93802309    
  0.67157388    
  0.32064992    
  7.01641589E-02
  0.65378225    
  0.30265480    
  0.91444427    
  0.54570794    
  0.56754702    
  0.57221174    
  0.66728657    
  0.21489666    
  0.77076602    
  6.49298057E-02
  0.82158583    
  3.19183171E-02
  0.61604261    
  0.99582404    
  0.56231266    
  0.54376125    
  0.39655012    
  1.71884485E-02
  0.89000350    
  5.96954450E-02
  0.26593664    
  0.92754704    
  0.41833436    
  1.43457856E-02
  0.55707830    
  0.98811215    
  4.95436005E-02
  0.81948030    
  0.13868813    
  0.52539343    
  0.71028751    
  0.17154026    
  0.22062616    
  0.26303047    
  0.47512868    
  0.43246293    
  0.29353690    
  0.78708941    
  0.38737282    
  0.42486393    
  0.83355463    
  0.41553357    
  0.46009409    
  0.51171517    
  0.37459919    
  0.54955226    
  0.53753018    
  0.13309877    
  2.15991288E-02
  0.32433444    
  0.26554993    
  0.16316831    
  0.80610353    
  0.45658025    
  0.27406970    
  0.98154765    
  0.51927698    
  0.47910821    
  0.89156139    
  0.10652560    
  0.69754535    
  0.87538564    
  0.15211287    
  0.32654244    
  0.22218910    
  0.41354299    
  0.23149423    
  0.78450173    
  0.76152354    
  0.33785260    
  0.44779533    
  0.58760291    
  0.97588181    
  0.19650459    
  0.45351610    
  0.46528733    
  0.94371158    
  0.16726184    
  0.39265054    
  0.56917959    
  0.48277932    
  0.38618764    
  0.35864192    
  0.34090975    
  0.68484306    
  0.50027132    
  0.47202173    
  0.55002201    
  0.28916895    
  0.45507440    
  0.51776332    
  0.55785584    
  0.74140209    
  0.23742814    
  0.40252590    
  0.53525537    
  0.64368993    
  0.14331017    
  0.18568735    
  0.34997743    
  0.70452243    
  0.72952402    
  0.37373954    
  0.13394655    
  0.29742894    
  0.45466551    
  0.81535810    
  0.60416895    
  0.85103273    
  0.24488044    
  0.20480861    
  0.91694832    
  0.83459830    
  0.18389514    
  0.19233194    
  0.95495176    
  0.87307101    
  6.50276020E-02
  0.51675761    
  0.51241916    
  0.70509487    
  0.82919377    
  0.29545698    
  0.84962004    
  0.93932372    
  0.45523798    
  0.78531647    
  0.76216483    
  0.18248242    
  0.36622816    
  0.99819231    
  0.74143922    
  0.32330436    
  0.51534486    
  0.79313266    
  3.53782214E-02
  0.69756192    
  0.88444400    
  0.99945390    
  0.22003713    
  7.25641921E-02
  0.38978294    
  0.44558355    
  4.54193633E-03
  0.64694166    
  0.10975016    
  0.21867193    
  6.72309380E-03
  9.63004492E-03
  0.88194460    
  0.14693612    
  4.75609414E-02
  0.56786275    
  1.47181526E-02
  0.14479342    
  0.18412209    
  0.87645000    
  0.15030034    
  1.98062621E-02
  0.40764233    
  0.92807364    
  0.70533901    
  0.31658641    
  2.48943698E-02
  0.67049128    
  0.99523127    
  0.53422803    
  0.48287249    
  0.57773978    
  0.93334019    
  6.23888560E-02
  0.36311704    
  0.64915854    
  0.82061017    
  0.19618903    
  0.12954651    
  0.98250055    
  0.81544459    
  6.34804443E-02
  0.26775047    
  0.19670416    
  0.90093005    
  0.98173070    
  0.30635083    
  0.49280852    
  0.26386184    
  0.81935954    
  0.86695641    
  0.54922116    
  0.71786660    
  0.27018791    
  0.73778903    
  0.23158811    
  0.79209155    
  0.94292462    
  0.76757079    
  0.65621853    
  0.59621990    
  0.93866998    
  0.16798258    
  0.26495358    
  0.57464802    
  0.96085167    
  0.33981583    
  0.39304063    
  0.76233643    
  0.13086246    
  0.32548341    
  0.74096173    
  0.63988060    
  0.25971922    
  0.85303795    
  0.69011521    
  0.14210761    
  0.76422292    
  0.75710207    
  0.57521331    
  0.70981538    
  0.54325354    
  0.88856530    
  0.80528015    
  0.29738873    
  0.83181208    
  0.94439948    
  1.29075479E-02
  0.75501537    
  1.95641480E-02
  0.95380872    
  0.69586903    
  0.13724989    
  0.70475066    
  0.74173963    
  7.58052841E-02
  0.36887372    
  0.26159224    
  0.65448588    
  0.50066370    
  0.19780193    
  4.18784060E-02
  0.43787685    
  0.60422111    
  0.21666133    
  0.31979859    
  0.71488315    
  0.87285799    
  0.55395639    
  0.93265909    
  0.72262692    
  0.38788784    
  0.30783901    
  0.72487086    
  0.64865673    
  7.87355378E-02
  6.08925149E-02
  0.74282014    
  0.84053433    
  0.36465439    
  0.43484420    
  9.52202976E-02
  0.17780118    
  0.95619786    
  8.06520507E-02
  0.79095286    
  0.28660038    
  0.61278230    
  7.18612596E-02
  0.13348183    
  0.14706145    
  0.47798046    
  0.21615233    
  0.18752475    
  0.15097384    
  0.50317013    
  0.66936052    
  0.16441153    
  0.30318826    
  0.16846585    
  0.75088388    
  0.86074060    
  0.11267073    
  0.44772208    
  0.18595785    
  0.83671796    
  5.21206334E-02
  6.09299392E-02
  0.39517358    
  0.20344986    
  0.92255205    
  0.74571174    
  9.18914471E-03
  0.34262508    
  0.22094186    
  8.38605873E-03
  0.97614115    
  0.95744842    
  0.29007658    
  0.11013240    
  9.42201540E-02
  0.20657045    
  0.36637756    
  0.23752809    
  0.86027557    
  0.18005425    
  0.43699983    
  0.69924003    
  0.18497959    
  0.61041868    
  0.79695928    
  0.66742921    
  3.21023948E-02
  2.01708693E-02
  0.36056176    
  0.75308198    
  0.89785856    
  0.36496484    
  0.44707540    
  0.11070486    
  0.70920473    
  0.79769707    
  0.69782728    
  0.87397993    
  0.86084801    
  0.66532743    
  0.35883662    
  3.06896847E-02
  0.30088437    
  0.65588212    
  0.62145019    
  0.91997623    
  0.99381965    
  0.72778893    
  0.69306809    
  0.57757288    
  0.48111579    
  0.99890774    
  0.15469335    
  0.73025405    
  0.48223242    
  4.22553457E-02
  3.99576453E-03
  0.92277259    
  0.76744002    
  0.31112143    
  0.60339499    
  9.08387266E-03
  0.18562146    
  0.80462599    
  0.14001045    
  0.30242762    
  1.41719813E-02
  0.44847038    
  0.84181195    
  0.96889955    
  0.46871370    
  1.92600898E-02
  0.71131933    
  0.56065351    
  0.79778850    
  0.63499975    
  0.45538709    
  0.97416824    
  0.62781113    
  0.62667751    
  0.80128580    
  0.69825745    
  0.23701707    
  0.69496882    
  6.65073097E-02
  0.96757191    
  0.94112784    
  0.49986598    
  0.76212645    
  0.98493689    
  0.13385788    
  0.18399811    
  0.89002520    
  0.82928413    
  0.90336639    
  0.79588968    
  0.42686847    
  0.11508314    
  0.89644176    
  0.82179588    
  0.16052140    
  0.66973883    
  0.34014118    
  0.96759456    
  0.74022537    
  0.52515322    
  0.66244322    
  0.56519926    
  0.46497732    
  0.65865487    
  0.88978499    
  6.35890439E-02
  0.79025728    
  0.96236020    
  0.71796376    
  0.25441670    
  0.46473497    
  1.53152440E-02
  0.45974296    
  0.44013914    
  0.61904848    
  0.86588091    
  0.51410002    
  0.95712584    
  0.16231455    
  0.37008712    
  0.26702675    
  0.63844234    
  0.45450863    
  0.88449001    
  0.49208379    
  0.66817266    
  0.76278472    
  3.49019878E-02
  0.60666543    
  0.61408043    
  0.60464871    
  0.88712704    
  0.98463732    
  0.32884082    
  0.73607707    
  0.27765337    
  1.14693101E-02
  0.93437254    
  0.45177507    
  0.85807377    
  0.95065814    
  0.13581166    
  0.88410783    
  0.16777274    
  0.98007041    
  0.62366283    
  0.28913558    
  0.83384305    
  0.88377047    
  0.92597693    
  0.29666749    
  0.72411674    
  0.78357834    
  0.59976816    
  0.28208551    
  0.96967226    
  0.15909776    
  0.45887953    
  0.31576580    
  0.63819420    
  0.40593892    
  0.59407890    
  0.57454300    
  3.17634605E-02
  0.99430287    
  0.59731901    
  2.90599316E-02
  0.69020653    
  0.80167645    
  0.35041144    
  0.78869909    
  0.46404105    
  0.80587000    
  0.81916845    
  0.70652008    
  0.98007917    
  0.98791337    
  0.92153352    
  0.83666044    
  2.97459066E-02
  0.17145917    
  0.93617260    
  3.71969193E-02
  0.85415244    
  0.11558000    
  0.36283925    
  0.88443184    
  0.38782123    
  0.87164444    
  0.20141409    
  0.34811330    
  0.83269101    
  0.33527273    
  0.88913643    
  0.28724819    
  0.57854265    
  0.78095025    
  0.28272423    
  0.76559937    
  0.37308228    
  0.80897206    
  0.72920942    
  0.23017575    
  0.51574248    
  0.45891637    
  3.94013450E-02
  0.21458481    
  0.17762725    
  0.26588556    
  0.72084749    
  0.26983073    
  0.54744726    
  0.12507875    
  1.60286538E-02
  0.67697018    
  0.50026011    
  0.88030976    
  0.95482719    
  0.76617181    
  0.63309294    
  0.83322930    
  0.21317211    
  0.38173163    
  0.51631492    
  0.58921564    
  0.39436886    
  0.54603457    
  0.80863613    
  0.27638590    
  0.54533839    
  0.95550847    
  0.87889701    
  0.23554060    
  0.31357187    
  0.50146109    
  0.51664805    
  0.99327344    
  0.66244513    
  0.35075784    
  0.74579293    
  7.77875930E-02
  0.99836159    
  8.93495753E-02
  0.38794380    
  0.57468194    
  0.63892722    
  3.44959274E-03
  0.22644949    
  0.42512977    
  0.40357095    
  0.45455489    
  8.53770133E-03
  0.48929840    
  0.46231574    
  0.23245995    
  0.62084097    
  1.36258090E-02
  0.75214732    
  0.12607569    
  6.13489449E-02
  0.78712702    
  1.87139176E-02
  1.49961738E-02
  0.19323334    
  0.89023805    
  0.95341313    
  0.57590473    
  0.27784508    
  0.26039100    
  0.15051413    
  0.11969909    
  0.81877512    
  0.54069400    
  0.32754865    
  6.89436123E-02
  0.28598514    
  6.16454072E-02
  0.28724176    
  0.39470631    
  0.98737317    
  0.45227122    
  0.30451578    
  0.51229978    
  0.46186396    
  0.90580267    
  8.94546956E-02
  0.54738617    
  0.73735785    
  0.16761824    
  0.82423216    
  0.45408648    
  0.79025650    
  0.96241587    
  0.66500109    
  0.74266165    
  0.81871825    
  0.78736234    
  0.18747385    
  0.16238388    
  0.30506495    
  0.18335000    
  0.18850820    
  0.41253188    
  0.65976673    
  2.72403490E-02
  0.54798180    
  0.58965415    
  0.26397711    
  0.15714952    
  0.74941581    
  0.91261357    
  0.99080002    
  0.38831943    
  0.65453237    
  0.47159123    
  0.15235551    
  0.39194590    
  0.51266176    
  0.31478867    
  0.19376664    
  0.27435216    
  0.79309183    
  0.63700414    
  0.26452392    
  0.91594213    
  0.39634880    
  0.18643300    
  0.76134646    
  0.21425918    
  0.40288651    
  0.51834548    
  0.85943776    
  0.88568878    
  0.16399442    
  0.11888415    
  0.64034212    
  0.53244245    
  0.70541328    
  0.11372967    
  0.83488190    
  0.76233876    
  0.20544712    
  0.14039434    
  6.34649172E-02
  0.55087954    
  0.48543549    
  0.87845188    
  0.57537550    
  7.72246867E-02
  0.26687720    
  0.84154415    
  0.55145657    
  1.03565138E-02
  0.19288819    
  0.98287493    
  0.19765274    
  0.90803760    
  0.44533765    
  0.30855167    
  0.46987092    
  0.55376142    
  9.94176194E-02
  0.88031876    
  0.42421517    
  0.48736295    
  0.90987009    
  0.29079771    
  0.81141520    
  0.53987867    
  0.50485492    
  0.26597866    
  0.48217779    
  0.75967437    
  0.65554219    
  0.52234697    
  0.39444214    
  0.67355788    
  0.70793360    
  0.38046888    
  0.53983897    
  0.48027623    
  0.86493796    
  0.65619278    
  0.32792038    
  0.55733097    
  0.56611031    
  0.18094419    
  0.60445201    
  0.27537188    
  0.42106625    
  0.65194440    
  0.41137356    
  0.55271119    
  0.22282340    
  0.17120935    
  0.73777848    
  0.64180297    
  0.72992969    
  0.17027490    
  0.92135251    
  0.82361257    
  0.87223232    
  6.27920777E-02
  0.11772641    
  0.67149562    
  0.60085845    
  0.10266162    
  0.39565453    
  0.46257886    
  0.42163873    
  0.55698115    
  0.33309099    
  0.72851700    
  0.88948339    
  0.17178181    
  0.51310390    
  0.42990109    
  6.13793693E-02
  0.31638783    
  0.89688981    
  0.46922660    
  0.99104077    
  0.39424184    
  0.74329239    
  0.93407577    
  0.42534932    
  0.55218029    
  0.98763919    
  0.17019682    
  0.97126174    
  0.38147205    
  0.11331984    
  0.99272728    
  0.59710133    
  8.44761636E-03
  0.83824241    
  0.67445946    
  0.99781537    
  0.26727751    
  4.56335843E-02
  0.66713142    
  0.23559903    
  2.90342071E-03
  0.53012645    
  8.28195512E-02
  0.49602044    
  0.77296823    
  7.99152907E-03
  0.79297537    
  0.69149798    
  0.32490945    
  0.93925434    
  1.30796377E-02
  5.58242053E-02
  0.75865561    
  0.15379845    
  0.10554031    
  0.45355204    
  0.31867313    
  0.82581329    
  0.98268753    
  0.27182636    
  0.69642240    
  0.58152205    
  0.89297092    
  0.15295044    
  0.43811244    
  0.93929279    
  0.68445837    
  0.96012861    
  7.13799223E-02
  0.60439849    
  0.18216307    
  0.90951645    
  2.72861701E-02
  0.98980951    
  1.83879919E-02
  0.42503345    
  0.13457441    
  9.44438279E-02
  0.90823901    
  0.38301978    
  0.66790378    
  0.35963246    
  0.86502486    
  0.82666850    
  0.74765158    
  0.51113558    
  0.58469051    
  0.36240765    
  0.74509799    
  0.11228328    
  0.91228151    
  0.80974853    
  0.85979050    
  0.61434162    
  0.47691509    
  0.31342736    
  1.38541758E-02
  0.35717329    
  0.33651704    
  0.84154689    
  0.71457326    
  0.13819651    
  0.85455614    
  5.86924404E-02
  0.81262732    
  0.11571912    
  0.26253885    
  0.35193893    
  0.78086793    
  0.93462396    
  0.51686507    
  0.38688120    
  0.54441059    
  0.50304335    
  5.66205382E-02
  9.52126458E-02
  0.51122355    
  0.49414587    
  0.22521873    
  0.17861719    
  0.76821738    
  0.63556588    
  0.44388109    
  6.99955672E-02
  0.30061385    
  0.44122207    
  0.12169092    
  0.39361635    
  0.78599328    
  0.42261049    
  0.11422675    
  0.55667204    
  0.34335160    
  0.50199097    
  0.68878549    
  0.78723150    
  0.99165314    
  0.29308686    
  0.21798863    
  4.48940508E-02
  0.46023619    
  0.42663422    
  0.81123346    
  0.93398637    
  0.40100271    
  0.21875615    
  0.86161536    
  0.92689693    
  0.64998400    
  0.75711137    
  0.41013622    
  0.29659638    
  4.25603464E-02
  0.15555744    
  0.11321997    
  0.60151631    
  0.63491696    
  0.15822384    
  0.17304945    
  0.46932864    
  0.79289639    
  0.58317620    
  0.27388734    
  0.19054145    
  0.67330426    
  0.98427647    
  0.53143537    
  0.38955083    
  0.20803346    
  0.75913835    
  0.17565648    
  0.47969460    
  0.32056805    
  0.22552547    
  0.84497243    
  0.78334576    
  0.42795381    
  0.26801956    
  0.24301746    
  0.93080652    
  1.37750860E-02
  0.37621301    
  0.21547106    
  0.82667631    
  1.66405514E-02
  0.24420446    
  0.24527450    
  0.16292256    
  0.57681942    
  0.10247464    
  0.47463384    
  0.57813698    
  0.11037406    
  0.32696250    
  0.52474666    
  0.70506322    
  0.91099942    
  5.78255691E-02
  7.71056041E-02
  0.48086938    
  0.93549258    
  0.24386179    
  0.39723507    
  0.82724875    
  0.43699211    
  0.46543336    
  0.57672423    
  0.82413960    
  0.57739186    
  0.39311484    
  2.65729111E-02
  0.90958673    
  0.25104406    
  0.55457956    
  0.34923756    
  0.58771253    
  0.98200488    
  0.67794859    
  0.59176552    
  0.30536029    
  0.14885210    
  0.98709303    
  0.10485303    
  0.62895149    
  0.10180285    
  0.70999175    
  0.99218112    
  0.53175753    
  0.66613746    
  0.93069196    
  0.27113128    
  0.99726921    
  0.57095450    
  0.70332342    
  0.75958091    
  0.92509550    
  2.35724892E-03
  0.83380342    
  0.74050939    
  0.58846992    
  9.13815126E-02
  7.44535727E-03
  9.66522396E-02
  0.32407784    
  0.41735893    
  0.25766757    
  0.33119935    
  0.35950115    
  0.39123550    
  0.24624795    
  0.42395365    
  0.57406974    
  0.62235010    
